<?xml version="1.0"?>
<opencv_storage>
<camera>
  <camera_matrix type_id="opencv-matrix">
    <rows>3</rows>
    <cols>3</cols>
    <dt>d</dt>
    <data>
      8.4415228527870136e+02 0. 9.6016970325153363e+02 0.
      8.4200111901270554e+02 7.2507034584596545e+02 0. 0. 1.</data></camera_matrix>
  <distortion_coefficients type_id="opencv-matrix">
    <rows>12</rows>
    <cols>1</cols>
    <dt>d</dt>
    <data>
      1.5513533649813940e+00 1.0687907399971602e-01
      -1.7740565387000374e-04 -1.4565402068772494e-04
      -1.0180307201290534e-02 1.8473814871376670e+00
      4.3527359864871529e-01 -2.2422444668001008e-02
      3.9087822080534958e-04 2.3271601077027047e-05
      -1.8691216223166269e-04 8.4805668096927585e-06</data></distortion_coefficients>
  <flags>49152</flags>
  <imageSize>
    1920 1440</imageSize></camera>
</opencv_storage>
